1000 30000 50000 70000 8 999 2222 55555 66666 666 7777 8888
1000 30000 50000 70000 8 999 2222 55555 66666 666 7777 8888
1000 30000 50000 70000 8 999 2222 55555 66666 666 7777 8888
1000 30000 50000 70000 8 999 2222 55555 66666 666 7777 8888
1000 30000 50000 70000 8 999 2222 55555 66666 666 7777 8888
1000 30000 50000 70000 8 999 2222 55555 66666 666 7777 8888
1000 30000 50000 70000 8 999 2222 55555 66666 666 7777 8888
1000 30000 50000 70000 8 999 2222 55555 66666 666 7777 8888
1000 30000 50000 70000 8 999 2222 55555 66666 666 7777 8888
1000 30000 50000 70000 8 999 2222 55555 66666 666 7777 8888
1000 30000 50000 70000 8 999 2222 55555 66666 666 7777 8888
1000 30000 50000 70000 8 999 2222 55555 66666 666 7777 88881000 30000 50000 70000 8 999 2222 55555 66666 666 7777 8888
1000 30000 50000 70000 8 999 2222 55555 66666 666 7777 8888
1000 30000 50000 70000 8 999 2222 55555 66666 666 7777 8888
1000 30000 50000 70000 8 999 2222 55555 66666 666 7777 8888
1000 30000 50000 70000 8 999 2222 55555 66666 666 7777 8888
1000 30000 50000 70000 8 999 2222 55555 66666 666 7777 8888
1000 30000 50000 70000 8 999 2222 55555 66666 666 7777 8888
1000 30000 50000 70000 8 999 2222 55555 66666 666 7777 8888
1000 30000 50000 70000 8 999 2222 55555 66666 666 7777 8888
1000 30000 50000 70000 8 999 2222 55555 66666 666 7777 8888
1000 30000 50000 70000 8 999 2222 55555 66666 666 7777 8888
1000 30000 50000 70000 8 999 2222 55555 66666 666 7777 88881000 30000 50000 70000 8 999 2222 55555 66666 666 7777 8888
1000 30000 50000 70000 8 999 2222 55555 66666 666 7777 8888
1000 30000 50000 70000 8 999 2222 55555 66666 666 7777 8888
1000 30000 50000 70000 8 999 2222 55555 66666 666 7777 8888
1000 30000 50000 70000 8 999 2222 55555 66666 666 7777 8888
1000 30000 50000 70000 8 999 2222 55555 66666 666 7777 8888
1000 30000 50000 70000 8 999 2222 55555 66666 666 7777 8888
1000 30000 50000 70000 8 999 2222 55555 66666 666 7777 8888
1000 30000 50000 70000 8 999 2222 55555 66666 666 7777 8888
1000 30000 50000 70000 8 999 2222 55555 66666 666 7777 8888
1000 30000 50000 70000 8 999 2222 55555 66666 666 7777 8888
1000 30000 50000 70000 8 999 2222 55555 66666 666 7777 88881000 30000 50000 70000 8 999 2222 55555 66666 666 7777 8888
1000 30000 50000 70000 8 999 2222 55555 66666 666 7777 8888
1000 30000 50000 70000 8 999 2222 55555 66666 666 7777 8888
1000 30000 50000 70000 8 999 2222 55555 66666 666 7777 8888
1000 30000 50000 70000 8 999 2222 55555 66666 666 7777 8888
1000 30000 50000 70000 8 999 2222 55555 66666 666 7777 8888
1000 30000 50000 70000 8 999 2222 55555 66666 666 7777 8888
1000 30000 50000 70000 8 999 2222 55555 66666 666 7777 8888
1000 30000 50000 70000 8 999 2222 55555 66666 666 7777 8888
1000 30000 50000 70000 8 999 2222 55555 66666 666 7777 8888
1000 30000 50000 70000 8 999 2222 55555 66666 666 7777 8888
1000 30000 50000 70000 8 999 2222 55555 66666 666 7777 8888